          0
          0
          0
         40
          5
          0
         32
         28
         26
          6
          5
          2
          0
          0
          2
          0
         19
         30
          0
          0
         19
         21
          0
          1
         49
          3
          0
          3
         13
          0
          0
          0
          0
          1
          0
          5
         68
          6
          0
          0
         63
          0
          0
          0
          0
         22
          2
          0
          9
          0
          0
          0
          0
          0
          0
